<?xml version="1.0"?>
<opencv_storage>
<intrinsic type_id="opencv-matrix">
  <rows>3</rows>
  <cols>3</cols>
  <dt>d</dt>
  <data>
    2.3316707824130384e+002 0. 1.5916278844517123e+002 0.
    2.2695382624612785e+002 1.1667624053546045e+002 0. 0. 1.</data></intrinsic>
<distortion type_id="opencv-matrix">
  <rows>5</rows>
  <cols>1</cols>
  <dt>d</dt>
  <data>
    3.6258886656422323e-002 3.6609436680145091e-001
    2.9439901422992784e-002 1.5441686875034433e-002
    -1.8488642024330708e+000</data></distortion>
</opencv_storage>
